| Y (mV) | V1 (mV) | V2 (mV) | V3 (mV) | V4 (mV) |
| ------ | ------- | ------- | ------- | ------- |
| +29    | -5.66   | 6.78    | -6.81   | 5.55    |
| +24    | -8.09   | 9.33    | -9.47   | 7.83    |
| +21    | -16.35  | 17.65   | -17.10  | 15.55   |
| +16    | -18.15  | 19.18   | -18.53  | 17.20   |
| +13    | -29.10  | 28.48   | -28.60  | 27.64   |
| +9     | -47.27  | 48.04   | -47.81  | 44.31   |
| +6     | -54.78  | 55.15   | -55.02  | 54.38   |
| +3     | -55.81  | 56.10   | -56.21  | 55.26   |
| 0      | -56.26  | 56.53   | -56.76  | 55.73   |
| -3     | -56.37  | 56.57   | -57.16  | 56.24   |
| -6     | -56.61  | 57.19   | -57.42  | 56.55   |
| -9     | -55.06  | 54.42   | -55.52  | 54.27   |
| -13    | -38.57  | 38.30   | -38.09  | 38.54   |
| -16    | -24.37  | 24.54   | -23.83  | 24.36   |
| -21    | -14.45  | 15.48   | -15.74  | 14.40   |

