| I\_M (mA) | V1 (mV) | V2 (mV) | V3 (mV) | V4 (mV) | V\_H (mV) |
| --------- | ------- | ------- | ------- | ------- | --------- |
| 0.021     | -5.89   | 7.14    | -7.14   | 5.41    |           |
| 0.040     | -11.27  | 12.52   | -12.48  | 10.76   |           |
| 0.060     | -16.98  | 18.19   | -18.20  | 16.44   |           |
| 0.080     | -22.45  | 23.88   | -23.87  | 22.18   |           |
| 0.100     | -28.12  | 29.56   | -29.55  | 27.67   |           |
| 0.120     | -33.85  | 34.96   | -34.94  | 33.42   |           |
| 0.140     | -39.51  | 40.59   | -40.59  | 39.15   |           |
| 0.161     | -45.36  | 46.46   | -46.73  | 45.12   |           |
| 0.180     | -50.83  | 51.88   | -51.92  | 50.51   |           |
| 0.200     | -56.47  | 57.56   | -57.55  | 56.25   |           |

