| I\_s (mA) | V1 (mV) | V2 (mV) | V3 (mV) | V4 (mV) | V\_H (mV) |
| --------- | ------- | ------- | ------- | ------- | --------- |
| 0.200     | -5.86   | 5.93    | -5.92   | 5.78    |           |
| 0.400     | -11.63  | 11.83   | -11.82  | 11.64   |           |
| 0.600     | -17.48  | 17.67   | -17.75  | 17.28   |           |
| 0.800     | -23.30  | 23.46   | -23.59  | 23.07   |           |
| 1.000     | -29.01  | 29.23   | -29.46  | 28.82   |           |
| 1.200     | -34.80  | 35.05   | -35.22  | 34.46   |           |
| 1.400     | -40.50  | 40.65   | -41.01  | 40.11   |           |
| 1.600     | -46.11  | 46.32   | -46.68  | 45.65   |           |
| 1.800     | -51.53  | 51.83   | -52.39  | 51.18   |           |
| 2.000     | -57.23  | 57.64   | -57.94  | 56.57   |           |

